            бЮПХЮМРШ ГЮДЮМХИ ХЯУНДМШУ ДЮММШУ
               ДКЪ КЮАНПЮРНПМНИ ПЮАНРШ  N2

дддддддбдддддддбдддддддддддддддддддддддддддддддддддддддддд©
бЮПХЮМР|лЮЯЯХБШ|   гМЮВЕМХЪ ЩКЕЛЕМРНБ ЛЮЯЯХБНБ            Ё
дддддддедддддддедддддддддддддддддддддддддддддддддддддддддд╢
       Ё vec1  Ё  1,2,3,4,8,7,6,5                         Ё
   1   Ё vec2  Ё  10,20,-10,-20,-30,-40,30,40             Ё
       Ё matr  Ё  1,2,3,4,-4,-3,-2,-1,5,6,7,8,-8,-7,-6,-5 Ё
дддддддедддддддедддддддддддддддддддддддддддддддддддддддддд╢
       Ё vec1  Ё  5,6,7,8,12,11,10,9                      Ё
   2   Ё vec2  Ё  20,30,-20,-30,-40,-50,40,50             Ё
       Ё matr  Ё  -5,-6,4,3,-7,-8,2,1,-1,-2,-3,-4,8,7,6,5 Ё
дддддддедддддддедддддддддддддддддддддддддддддддддддддддддд╢
       Ё vec1  Ё  8,7,6,5,1,2,3,4                         Ё
   3   Ё vec2  Ё  30,40,-30,-40,-10,-20,10,20             Ё
       Ё matr  Ё  -1,-2,3,4,-8,-7,6,5,-5,-6,-7,-8,4,3,2,1 Ё
дддддддедддддддедддддддддддддддддддддддддддддддддддддддддд╢
       Ё vec1  Ё  12,11,10,9,5,6,7,8                      Ё
   4   Ё vec2  Ё  40,50,-40,-50,-20,-30,20,30             Ё
       Ё matr  Ё  5,6,7,8,-8,-7,-6,-5,1,2,3,4,-4,-3,-2,-1 Ё
дддддддедддддддедддддддддддддддддддддддддддддддддддддддддд╢
       Ё vec1  Ё  11,12,13,14,18,17,16,15                 Ё
   5   Ё vec2  Ё  10,20,-10,-20,30,40,-30,-40             Ё
       Ё matr  Ё  1,2,-4,-3,3,-6,-7,-1,5,6,-8,-7,7,8,-6,5 Ё
дддддддедддддддедддддддддддддддддддддддддддддддддддддддддд╢
       Ё vec1  Ё  18,17,16,15,11,12,13,14                 Ё
   6   Ё vec2  Ё  30,40,-30,-40,10,20,-10,-20             Ё
       Ё matr  Ё  -4,-3,1,2,-2,-1,3,4,5,6,7,8,-8,-7,-6,-5 Ё
дддддддедддддддедддддддддддддддддддддддддддддддддддддддддд╢
       Ё vec1  Ё  21,22,23,24,28,27,26,25                 Ё
   7   Ё vec2  Ё  40,50,-40,-50,20,30,-20,-30             Ё
       Ё matr  Ё  5,6,-8,-7,7,8,-6,-5,1,2,-4,-3,3,4,-2,-1 Ё
дддддддедддддддедддддддддддддддддддддддддддддддддддддддддд╢
       Ё vec1  Ё  28,27,26,25,21,22,23,24                 Ё
   8   Ё vec2  Ё  20,30,-20,-30,40,50,-40,-50             Ё
       Ё matr  Ё  -8,-7,3,4,-6,-5,-9,2,-4,3,7,8,-2,-1,5,6 Ё
дддддддедддддддедддддддддддддддддддддддддддддддддддддддддд╢
       Ё vec1  Ё  31,32,33,34,38,37,36,35                 Ё
   9   Ё vec2  Ё  50,60,-50,-60,70,80,-70,-80             Ё
       Ё matr  Ё  -4,-3,7,8,-2,-1,-5,6,-8,-7,3,4,6,-5,1,2 Ё
дддддддедддддддедддддддддддддддддддддддддддддддддддддддддд╢
       Ё vec1  Ё  38,37,36,35,31,32,33,34                 Ё
   10  Ё vec2  Ё  70,80,-70,-80,50,60,-50,-60             Ё
       Ё matr  Ё  -2,-1,5,6,-8,-7,3,4,-4,-3,7,8,-6,-5,1,2 Ё
дддддддедддддддедддддддддддддддддддддддддддддддддддддддддд╢
       Ё vec1  Ё  2,3,4,5,9,8,7,6                         Ё
   11  Ё vec2  Ё  10,30,-10,-30,-50,-40,50,40             Ё
       Ё matr  Ё  -1,-2,-3,-4,4,3,2,1,-5,-6,-7,-8,8,7,6,5 Ё
дддддддедддддддедддддддддддддддддддддддддддддддддддддддддд╢
       Ё vec1  Ё  6,7,8,9,13,12,11,10                     Ё
   12  Ё vec2  Ё  20,40,-20,-40,-30,-50,30,50             Ё
       Ё matr  Ё  5,6,-4,-3,7,8,-2,-1,1,2,3,4,-8,-7,-6,-5 Ё
дддддддедддддддедддддддддддддддддддддддддддддддддддддддддд╢
       Ё vec1  Ё  9,8,7,6,2,3,4,5                         Ё
   13  Ё vec2  Ё  30,50,-30,-50,-10,-40,10,40             Ё
       Ё matr  Ё  1,2,-3,-4,8,7,-6,-5,5,6,7,8,-4,-3,-2,-1 Ё
дддддддедддддддедддддддддддддддддддддддддддддддддддддддддд╢
       Ё vec1  Ё  13,12,11,10,6,7,8,9                     Ё
   14  Ё vec2  Ё  40,60,-40,-60,-20,-50,20,50             Ё
       Ё matr  Ё  -5,-6,-7,-8,8,7,6,5,-1,-2,-3,-4,4,3,2,1 Ё
дддддддедддддддедддддддддддддддддддддддддддддддддддддддддд╢
       Ё vec1  Ё  12,13,14,15,19,18,17,16                 Ё
   15  Ё vec2  Ё  10,30,-10,-30,60,40,-60,-40             Ё
       Ё matr  Ё  -1,-2,4,3,-3,6,7,1,-5,-6,8,7,-7,-8,6,-5 Ё
дддддддедддддддедддддддддддддддддддддддддддддддддддддддддд╢
       Ё vec1  Ё  19,18,17,16,12,13,14,15                 Ё
   16  Ё vec2  Ё  30,60,-30,-60,10,40,-10,-40             Ё
       Ё matr  Ё  4,3,-1,-2,2,1,-3,-4,-5,-6,-7,-8,8,7,6,5 Ё
дддддддедддддддедддддддддддддддддддддддддддддддддддддддддд╢
       Ё vec1  Ё  22,23,24,25,29,28,27,26                 Ё
   17  Ё vec2  Ё  40,60,-40,-60,20,50,-20,-50             Ё
       Ё matr  Ё  -5,-6,8,7,-7,-8,6,5,-1,-2,4,3,-3,-4,2,1 Ё
дддддддедддддддедддддддддддддддддддддддддддддддддддддддддд╢
       Ё vec1  Ё  29,28,27,26,22,23,24,25                 Ё
   18  Ё vec2  Ё  20,50,-20,-50,40,60,-40,-60             Ё
       Ё matr  Ё  8,7,-3,-4,6,5,9,-2,4,-3,-7,-8,2,1,-5,-6 Ё
дддддддедддддддедддддддддддддддддддддддддддддддддддддддддд╢
       Ё vec1  Ё  32,33,34,35,39,38,37,36                 Ё
   19  Ё vec2  Ё  50,70,-50,-70,60,80,-60,-80             Ё
       Ё matr  Ё  4,3,-7,-8,2,1,5,-6,8,7,-3,-4,-6,5,-1,-2 Ё
дддддддедддддддедддддддддддддддддддддддддддддддддддддддддд╢
       Ё vec1  Ё  39,38,37,36,32,33,34,35                 Ё
   20  Ё vec2  Ё  70,90,-70,-90,20,60,-20,-60             Ё
       Ё matr  Ё  2,1,-5,-6,8,7,-3,-4,4,3,-7,-8,6,5,-1,-2 Ё
дддддддедддддддедддддддддддддддддддддддддддддддддддддддддд╢
       Ё vec1  Ё  1,3,5,7,8,6,4,2                         Ё
   21  Ё vec2  Ё  90,20,-90,-20,-70,-40,70,40             Ё
       Ё matr  Ё  2,3,4,-4,-3,-2,-1,5,6,7,-8,8,-7,-6,-5,1 Ё
дддддддедддддддедддддддддддддддддддддддддддддддддддддддддд╢
       Ё vec1  Ё  4,6,8,10,13,11,9,7                      Ё
   22  Ё vec2  Ё  80,30,-80,-30,-60,-50,60,50             Ё
       Ё matr  Ё  -6,4,3,-7,-8,2,-1,1,-2,-3,-4,8,7,6,5,-5 Ё
дддддддедддддддедддддддддддддддддддддддддддддддддддддддддд╢
       Ё vec1  Ё  9,7,5,3,2,4,6,8                         Ё
   23  Ё vec2  Ё  70,40,-70,-40,-90,-20,90,20             Ё
       Ё matr  Ё  -2,3,4,-8,-7,6,-5,5,-6,-7,-8,4,3,2,1,-1 Ё
дддддддедддддддедддддддддддддддддддддддддддддддддддддддддд╢
       Ё vec1  Ё  13,11,9,7,4,6,8,10                      Ё
   24  Ё vec2  Ё  60,50,-60,-50,-80,-30,80,30             Ё
       Ё matr  Ё  6,7,8,-8,-7,-6,-5,1,2,3,-4,4,-3,-2,-1,5 Ё
дддддддедддддддедддддддддддддддддддддддддддддддддддддддддд╢
       Ё vec1  Ё  10,12,14,16,19,17,15,13                 Ё
   25  Ё vec2  Ё  90,20,-90,-20,70,50,-70,-50             Ё
       Ё matr  Ё  2,-4,-3,3,-6,-7,-1,5,6,-8,7,-7,8,-6,5,1 Ё
дддддддедддддддедддддддддддддддддддддддддддддддддддддддддд╢
       Ё vec1  Ё  19,17,15,13,10,12,14,16                 Ё
   26  Ё vec2  Ё  70,40,-70,-40,90,20,-90,-20             Ё
       Ё matr  Ё  -3,1,2,-2,-1,3,4,5,6,7,-8,8,-7,-6,-5,-4 Ё
дддддддедддддддедддддддддддддддддддддддддддддддддддддддддд╢
       Ё vec1  Ё  20,22,24,26,29,27,25,23                 Ё
   27  Ё vec2  Ё  60,50,-60,-50,80,30,-80,-30             Ё
       Ё matr  Ё  6,-8,-7,7,8,-6,-5,1,2,-4,3,-3,4,-2,-1,5 Ё
дддддддедддддддедддддддддддддддддддддддддддддддддддддддддд╢
       Ё vec1  Ё  29,27,25,23,20,22,24,26                 Ё
   28  Ё vec2  Ё  80,30,-80,-30,60,50,-60,-50             Ё
       Ё matr  Ё  -7,3,4,-6,-5,9,2,-4,3,-7,8,-2,-1,5,6,-8 Ё
дддддддедддддддедддддддддддддддддддддддддддддддддддддддддд╢
       Ё vec1  Ё  30,32,34,36,39,37,35,33                 Ё
   29  Ё vec2  Ё  50,40,-50,-40,70,30,-70,-30             Ё
       Ё matr  Ё  -3,7,8,-2,-1,5,-6,-8,-7,3,4,6,-5,1,2,-4 Ё
дддддддедддддддедддддддддддддддддддддддддддддддддддддддддд╢
       Ё vec1  Ё  39,37,35,33,30,32,34,36                 Ё
   30  Ё vec2  Ё  70,20,-70,-20,50,40,-50,-40             Ё
       Ё matr  Ё  -1,5,6,-8,-7,3,-4,4,-3,7,8,-6,-5,1,2,-2 Ё
дддддддадддддддадддддддддддддддддддддддддддддддддддддддддды